6
√
4
BHNJIOP
1
282,186 307,140 326,185 351,141 381,99 423,99 468,98
NJJMIOP
1
326,185 351,141 351,141 367,183 381,99 423,99 468,98
NJUMIOP
1
326,185 351,141 339,98 367,183 381,99 423,99 468,98
NJMJIOP
1
326,185 351,141 367,183 351,141 381,99 423,99 468,98
π
4
YUIHBNUJM
1
292,100 339,98 381,99 307,140 282,186 326,185 339,98 351,141 367,183
YUIOHNIKM
1
292,100 339,98 381,99 423,99 307,140 326,185 381,99 392,141 367,183
6789YHN9IK
1
274,60 318,58 362,58 401,57 292,100 307,140 326,185 401,57 381,99 392,141
HJKLHJNKM
1
307,140 351,141 392,141 436,140 307,140 351,141 326,185 392,141 367,183
Σ
4
IUYHJNB NM
1
381,99 339,98 292,100 307,140 351,141 326,185 282,186 278,230 326,185 367,183
IUYHJNM
1
381,99 339,98 292,100 307,140 351,141 326,185 367,183
IUYUJNBNM
1
381,99 339,98 292,100 339,98 351,141 326,185 282,186 326,185 367,183
IUYHBNM
1
381,99 339,98 292,100 307,140 282,186 326,185 367,183
∫
3
987UJNB
1
401,57 362,58 318,58 339,98 351,141 326,185 282,186
98UJNB
1
401,57 362,58 339,98 351,141 326,185 282,186
87UJNBV
1
362,58 318,58 339,98 351,141 326,185 282,186 242,188
Д
3
7YHBNMKI8UYT
1
318,58 292,100 307,140 282,186 326,185 367,183 392,141 381,99 362,58 339,98 292,100 252,100
YHBNMKIUY
1
292,100 307,140 282,186 326,185 367,183 392,141 381,99 339,98 292,100
7YHBNMLO9876
1
318,58 292,100 307,140 282,186 326,185 367,183 436,140 423,99 401,57 362,58 318,58 274,60
aaa
1
MNHY89OKMN
1
367,183 326,185 307,140 292,100 362,58 401,57 423,99 392,141 367,183 326,185
