11
Ellipse
2
NBGYUIJN
1
326,185 282,186 265,142 292,100 339,98 381,99 351,141 326,185
MNHYUIJN
1
367,183 326,185 307,140 292,100 339,98 381,99 351,141 326,185
Rectangle
3
TYGBYTUIKMNB
1
252,100 292,100 265,142 282,186 292,100 252,100 339,98 381,99 392,141 367,183 326,185 282,186
WSZWERTFVCXZ
1
126,104 137,143 117,188 126,104 166,101 211,102 252,100 223,144 242,188 198,187 158,187 117,188
UJNUIOPLM
1
339,98 351,141 326,185 339,98 381,99 423,99 468,98 436,140 367,183
TextBox
3
TYUIUJN
1
252,100 292,100 339,98 381,99 339,98 351,141 326,185
TYUIHN
1
252,100 292,100 339,98 381,99 307,140 326,185
6789YHN
1
274,60 318,58 362,58 401,57 292,100 307,140 326,185
LeftArrow
4
KJHUHN
1
392,141 351,141 307,140 339,98 307,140 326,185
KJHUHNM
1
392,141 351,141 307,140 339,98 307,140 326,185 367,183
LKJHG9UYHNM
1
436,140 392,141 351,141 307,140 265,142 401,57 339,98 292,100 307,140 326,185 367,183
OIUYG98YGHN
1
423,99 381,99 339,98 292,100 265,142 401,57 362,58 292,100 265,142 307,140 326,185
RightArrow
3
GHJKYUIKJNB
1
265,142 307,140 351,141 392,141 292,100 339,98 381,99 392,141 351,141 326,185 282,186
GHJKUIKN
1
265,142 307,140 351,141 392,141 339,98 381,99 392,141 326,185
GHJKUIKJN
1
265,142 307,140 351,141 392,141 339,98 381,99 392,141 351,141 326,185
Triangle
2
7UHBNMKU
1
318,58 339,98 307,140 282,186 326,185 367,183 392,141 339,98
UHBNMJU
1
339,98 307,140 282,186 326,185 367,183 351,141 339,98
Expand
2
HU8B
1
307,140 339,98 362,58 282,186
UHB8
1
339,98 307,140 282,186 362,58
Shrink
3
8BHUJ
1
362,58 282,186 307,140 339,98 351,141
8BUH
1
362,58 282,186 339,98 307,140
B8UH
1
282,186 362,58 339,98 307,140
FillRed
3
7YHBYUIJHNM
1
318,58 292,100 307,140 282,186 292,100 339,98 381,99 351,141 307,140 326,185 367,183
7YHNBUIJHJM
1
318,58 292,100 307,140 326,185 282,186 339,98 381,99 351,141 307,140 351,141 367,183
YHBUIJHJM
1
292,100 307,140 282,186 339,98 381,99 351,141 307,140 351,141 367,183
FillYellow
2
6YH9IHN
1
274,60 292,100 307,140 401,57 381,99 307,140 326,185
YHJIUJN
1
292,100 307,140 351,141 381,99 339,98 351,141 326,185
FillWhite
4
YHBUJMI
1
292,100 307,140 282,186 339,98 351,141 367,183 381,99
HNJMK
1
307,140 326,185 351,141 367,183 392,141
GBHNJ
1
265,142 282,186 307,140 326,185 351,141
TGBHUJNJI
1
252,100 265,142 282,186 307,140 339,98 351,141 326,185 351,141 381,99
