7
{\pi}
2
YUIYHBUJM
1
292,100 339,98 381,99 292,100 307,140 282,186 339,98 351,141 367,183
TYUIYHBUJM
1
252,100 292,100 339,98 381,99 292,100 307,140 282,186 339,98 351,141 367,183
\int_^
3
87YHNB
1
362,58 318,58 292,100 307,140 326,185 282,186
8UJNB
1
362,58 339,98 351,141 326,185 282,186
7YHNB
1
318,58 292,100 307,140 326,185 282,186
\sin
2
HNBKMI
1
307,140 326,185 282,186 392,141 367,183 381,99
JHNBKMI
1
351,141 307,140 326,185 282,186 392,141 367,183 381,99
\frac{}
4
IUHB
1
381,99 339,98 307,140 282,186
8UJN
1
362,58 339,98 351,141 326,185
IUJHN
1
381,99 339,98 351,141 307,140 326,185
8UHB
1
362,58 339,98 307,140 282,186
\left[
3
IUYHBNM
1
381,99 339,98 292,100 307,140 282,186 326,185 367,183
UYHBN
1
339,98 292,100 307,140 282,186 326,185
87YHBN
1
362,58 318,58 292,100 307,140 282,186 326,185
\right]
3
7UJNB
1
318,58 339,98 351,141 326,185 282,186
67UJNB
1
274,60 318,58 339,98 351,141 326,185 282,186
YUJNB
1
292,100 339,98 351,141 326,185 282,186
\cdot
3
H
1
307,140
L
1
436,140
N
1
326,185
