8
Math.Sqrt
7
NJIO
1
326,185 351,141 381,99 423,99
NJMJIO
1
326,185 351,141 367,183 351,141 381,99 423,99
BHNJIOP
1
282,186 307,140 326,185 351,141 381,99 423,99 468,98
VGBUIO
1
242,188 265,142 282,186 339,98 381,99 423,99
BHNJIO
1
282,186 307,140 326,185 351,141 381,99 423,99
BHJNJIO
1
282,186 307,140 351,141 326,185 351,141 381,99 423,99
HNJIO
1
307,140 326,185 351,141 381,99 423,99
System.Diagnostics.Stopwatch
4
MNBHYUJNB
1
367,183 326,185 282,186 307,140 292,100 339,98 351,141 326,185 282,186
MNBHUJNB
1
367,183 326,185 282,186 307,140 339,98 351,141 326,185 282,186
MNHUN
1
367,183 326,185 307,140 339,98 326,185
NBHUJNB
1
326,185 282,186 307,140 339,98 351,141 326,185 282,186
\Sigma
2
UYHBNM
1
339,98 292,100 307,140 282,186 326,185 367,183
87YHJNBNM
1
362,58 318,58 292,100 307,140 351,141 326,185 282,186 326,185 367,183
\Gamma
3
NYUI
1
326,185 292,100 339,98 381,99
NUI
1
326,185 339,98 381,99
NUIO
1
326,185 339,98 381,99 423,99
\Delta
6
UYHBNJUY
1
339,98 292,100 307,140 282,186 326,185 351,141 339,98 292,100
UHBNMKIU
1
339,98 307,140 282,186 326,185 367,183 392,141 381,99 339,98
UHBNMJU
1
339,98 307,140 282,186 326,185 367,183 351,141 339,98
IUHBNMKIU
1
381,99 339,98 307,140 282,186 326,185 367,183 392,141 381,99 339,98
UHBNMKU
1
339,98 307,140 282,186 326,185 367,183 392,141 339,98
8UHNMKIU8
1
362,58 339,98 307,140 326,185 367,183 392,141 381,99 339,98 362,58
\Phi
3
MNBGUJNBUHN
1
367,183 326,185 282,186 265,142 339,98 351,141 326,185 282,186 339,98 307,140 326,185
MNBHUKMNUJM
1
367,183 326,185 282,186 307,140 339,98 392,141 367,183 326,185 339,98 351,141 367,183
JHYUIJNH7UJN
1
351,141 307,140 292,100 339,98 381,99 351,141 326,185 307,140 318,58 339,98 351,141 326,185
\Omega
2
BNHYUINM
1
282,186 326,185 307,140 292,100 339,98 381,99 326,185 367,183
BNHYUJNM
1
282,186 326,185 307,140 292,100 339,98 351,141 326,185 367,183
\Psi
3
YHJIUJN
1
292,100 307,140 351,141 381,99 339,98 351,141 326,185
YHBNMJIUHN
1
292,100 307,140 282,186 326,185 367,183 351,141 381,99 339,98 307,140 326,185
7YHNJI8UJN
1
318,58 292,100 307,140 326,185 351,141 381,99 362,58 339,98 351,141 326,185
