6
Math.Sqrt(/*[*/ /*]*/
2
BJNJUIO
1
282,186 351,141 326,185 351,141 339,98 381,99 423,99
BHNUIO
1
282,186 307,140 326,185 339,98 381,99 423,99
System.Windows.Forms.Timer /*[*/ /*]*/
3
YUIUHJN
1
292,100 339,98 381,99 339,98 307,140 351,141 326,185
56789YHN
1
233,60 274,60 318,58 362,58 401,57 292,100 307,140 326,185
YUIHN
1
292,100 339,98 381,99 307,140 326,185
for (int i = 0; i < /*[*/cnt/*]*/; i++)<<NEWLINER>><<NEWLINE>>{<<NEWLINER>><<NEWLINE>>     /*[*/ /*]*/<<NEWLINER>><<NEWLINE>>}
3
MNHUIJNB
1
367,183 326,185 307,140 339,98 381,99 351,141 326,185 282,186
MNBYUIKJNB
1
367,183 326,185 282,186 292,100 339,98 381,99 392,141 351,141 326,185 282,186
MNHYUIKJN
1
367,183 326,185 307,140 292,100 339,98 381,99 392,141 351,141 326,185
using (Graphics g = Graphics.FromImage(/*[*/bmp/*]*/)) {<<NEWLINER>><<NEWLINE>>    /*[*/ /*]*/<<NEWLINER>><<NEWLINE>>}
4
UYHBNJJKM
1
339,98 292,100 307,140 282,186 326,185 351,141 351,141 392,141 367,183
8UYHNJKKM
1
362,58 339,98 292,100 307,140 326,185 351,141 392,141 392,141 367,183
I8UYHBNKJKM
1
381,99 362,58 339,98 292,100 307,140 282,186 326,185 392,141 351,141 392,141 367,183
87YGBNJJKM
1
362,58 318,58 292,100 265,142 282,186 326,185 351,141 351,141 392,141 367,183
for (int y = 0; y < /*[*/height/*]*/; y++)<<NEWLINER>><<NEWLINE>>{<<NEWLINER>><<NEWLINE>>    for (int x = 0; x < /*[*/width/*]*/; x++)<<NEWLINER>><<NEWLINE>>    {<<NEWLINER>><<NEWLINE>>         /*[*/body;/*]*/<<NEWLINER>><<NEWLINE>>}}    
3
7YHBNMLO987
1
318,58 292,100 307,140 282,186 326,185 367,183 436,140 423,99 401,57 362,58 318,58
YHBNMKIUY
1
292,100 307,140 282,186 326,185 367,183 392,141 381,99 339,98 292,100
YHBNMLOIUY
1
292,100 307,140 282,186 326,185 367,183 436,140 423,99 381,99 339,98 292,100
System.Diagnostics.Stopwatch /*[*/ /*]*/
3
IUYHJNB
1
381,99 339,98 292,100 307,140 351,141 326,185 282,186
IUJNB
1
381,99 339,98 351,141 326,185 282,186
98UYHJNBV
1
401,57 362,58 339,98 292,100 307,140 351,141 326,185 282,186 242,188
