6
Ellipse
2
NBGYUIJN
1
326,185 282,186 265,142 292,100 339,98 381,99 351,141 326,185
MNHYUIJN
1
367,183 326,185 307,140 292,100 339,98 381,99 351,141 326,185
Rectangle
3
TYGBYTUIKMNB
1
252,100 292,100 265,142 282,186 292,100 252,100 339,98 381,99 392,141 367,183 326,185 282,186
WSZWERTFVCXZ
1
126,104 137,143 117,188 126,104 166,101 211,102 252,100 223,144 242,188 198,187 158,187 117,188
UJNUIOPLM
1
339,98 351,141 326,185 339,98 381,99 423,99 468,98 436,140 367,183
TextBox
4
TYUIYHN
1
252,100 292,100 339,98 381,99 292,100 307,140 326,185
TY8IYHN
1
252,100 292,100 362,58 381,99 292,100 307,140 326,185
YUIHN
1
292,100 339,98 381,99 307,140 326,185
6789UHN
1
274,60 318,58 362,58 401,57 339,98 307,140 326,185
Shrink
2
B8HU
1
282,186 362,58 307,140 339,98
9BIHJU
1
401,57 282,186 381,99 307,140 351,141 339,98
Expand
1
HUB8
1
307,140 339,98 282,186 362,58
FillRed
3
6YHB78IUHNM
1
274,60 292,100 307,140 282,186 318,58 362,58 381,99 339,98 307,140 326,185 367,183
YHBYUJHNM
1
292,100 307,140 282,186 292,100 339,98 351,141 307,140 326,185 367,183
7YHN789IUJM
1
318,58 292,100 307,140 326,185 318,58 362,58 401,57 381,99 339,98 351,141 367,183
