9
Line0
1
GHJK
1
265,142 307,140 351,141 392,141
Line180
3
KJHG
1
392,141 351,141 307,140 265,142
LKJH
1
436,140 392,141 351,141 307,140
LKJHG
1
436,140 392,141 351,141 307,140 265,142
Line90
3
HY7
1
307,140 292,100 318,58
NJU7
1
326,185 351,141 339,98 318,58
JU7
1
351,141 339,98 318,58
Line270
3
7UHN
1
318,58 339,98 307,140 326,185
YHBN
1
292,100 307,140 282,186 326,185
UJHN
1
339,98 351,141 307,140 326,185
Line45
3
HU8
1
307,140 339,98 362,58
HUI
1
307,140 339,98 381,99
HU89
1
307,140 339,98 362,58 401,57
Line135
3
JUY6
1
351,141 339,98 292,100 274,60
JHYT65
1
351,141 307,140 292,100 252,100 274,60 233,60
JY6
1
351,141 292,100 274,60
Line225
3
IUHBV
1
381,99 339,98 307,140 282,186 242,188
IUJHB
1
381,99 339,98 351,141 307,140 282,186
IUHB
1
381,99 339,98 307,140 282,186
Line315
3
TYHJNM
1
252,100 292,100 307,140 351,141 326,185 367,183
YHNM
1
292,100 307,140 326,185 367,183
THN
1
252,100 307,140 326,185
Ellipse
2
MNHYUIJNB
1
367,183 326,185 307,140 292,100 339,98 381,99 351,141 326,185 282,186
MNHYUIKMNB
1
367,183 326,185 307,140 292,100 339,98 381,99 392,141 367,183 326,185 282,186
